"size"	"cannons"	"style"	"warnshot"	"date"	"heardof"	"decorations"	"daysfromshore"	"speed"	"treasure"
"1"	48	54	"classic"	0	172	1	8	28	15.5120721049997	2170.12072105
"2"	51	56	"modern"	0	15	0	3	6	28.8477860944319	2463.47786094432
"3"	50	44	"modern"	0	63	0	3	23	18.4729117664625	1929.72911766463
"4"	54	54	"modern"	0	362	1	2	23	19.3105787832203	2203.1057878322
"5"	50	56	"modern"	0	183	1	2	12	21.4929851403112	2294.92985140311
"6"	51	48	"modern"	0	279	0	1	3	24.2836570313854	2197.83657031385
"7"	48	36	"modern"	1	24	1	3	1	20.4185015701316	2084.18501570132
"8"	53	54	"modern"	0	201	0	3	14	19.1927075425782	2286.92707542578
"9"	47	24	"modern"	0	197	0	2	11	18.7534315526496	1562.5343155265
"10"	49	24	"modern"	0	215	1	5	7	17.326532537473	1733.26532537473
"11"	50	12	"modern"	0	24	0	4	23	21.481197286407	1349.81197286407
"12"	50	6	"modern"	0	335	0	1	27	19.212390955145	2547.12390955145
"13"	49	42	"modern"	0	34	0	4	18	20.2402786167493	1967.40278616749
"14"	53	30	"modern"	0	8	0	5	6	17.3015257896606	1928.01525789661
"15"	50	10	"modern"	1	266	0	2	3	18.2003891164108	1517.00389116411
"16"	50	42	"modern"	0	233	0	9	24	14.5027977035985	2020.02797703599
"17"	48	28	"modern"	0	169	0	4	7	20.5062290633989	1780.06229063399
"18"	52	18	"modern"	0	177	0	2	23	23.9581550887874	1474.58155088787
"19"	46	26	"modern"	0	163	1	1	20	22.2344564664456	2982.34456466446
"20"	59	28	"modern"	0	263	0	5	23	23.5938252800746	1900.93825280075
"21"	48	34	"classic"	0	301	0	1	7	25.0466478995971	3320.46647899597
"22"	53	34	"modern"	1	87	1	3	6	23.9184043545273	2129.18404354527
"23"	51	44	"modern"	0	40	0	3	19	22.5382804884801	2030.3828048848
"24"	53	30	"modern"	0	180	0	7	14	23.8193291858156	1973.19329185816
"25"	47	20	"modern"	0	89	0	2	11	20.0303443758576	1495.30344375858
"26"	48	38	"modern"	0	358	0	5	21	19.883812688178	1863.83812688178
"27"	47	16	"modern"	0	26	0	6	9	18.7450743307316	1542.45074330732
"28"	51	30	"modern"	0	210	0	1	22	15.4111223490094	1559.11122349009
"29"	45	42	"modern"	0	79	1	6	14	13.5972781819669	1935.97278181967
"30"	51	22	"modern"	0	196	0	10	18	16.371665487173	1748.71665487173
"31"	50	56	"modern"	1	48	0	4	16	21.5335411863074	2400.33541186307
"32"	57	16	"modern"	0	190	0	2	7	22.5375223228053	1680.37522322805
"33"	49	36	"modern"	0	257	0	2	9	17.2384487149795	1847.38448714979
"34"	50	16	"modern"	0	68	0	6	18	23.9122326019682	1564.12232601968
"35"	47	4	"modern"	0	82	1	9	4	17.3906972953234	1443.90697295323
"36"	49	22	"modern"	0	317	0	3	28	22.897595389851	1463.97595389851
"37"	51	54	"modern"	0	285	1	2	26	21.3047223468881	2133.04722346888
"38"	52	30	"modern"	1	270	1	2	23	21.6779927324307	1806.77992732431
"39"	54	26	"modern"	0	93	1	6	25	19.0565131840974	1740.56513184097
"40"	54	58	"modern"	0	104	1	1	6	19.7521208153564	2397.52120815356
"41"	50	48	"modern"	0	161	0	2	6	20.0097548879614	2165.09754887961
"42"	56	52	"modern"	0	4	0	5	20	21.5416295458447	2330.41629545845
"43"	43	46	"modern"	1	185	0	2	28	13.5205898172521	1800.20589817252
"44"	52	40	"modern"	0	330	0	6	2	17.26238796959	2177.6238796959
"45"	48	26	"modern"	0	268	0	5	15	15.0977856063197	1635.9778560632
"46"	55	42	"modern"	0	264	0	3	14	24.194519812923	2136.94519812923
"47"	49	8	"modern"	0	12	0	3	20	19.0534597369602	1225.5345973696
"48"	55	32	"modern"	0	356	0	2	9	25.2071836910754	1967.07183691075
"49"	50	40	"modern"	0	147	1	7	10	20.5610566337172	2135.61056633717
"50"	42	40	"modern"	0	216	0	8	14	19.384981776354	1938.84981776354
"51"	48	32	"modern"	0	300	0	6	14	22.1934306621	1866.934306621
"52"	43	2	"modern"	0	285	0	3	30	20.1717558840904	896.717558840904
"53"	51	40	"modern"	0	171	1	2	23	27.1927225503886	1941.92722550389
"54"	58	50	"modern"	1	22	0	3	23	16.5355456950717	2290.35545695072
"55"	41	60	"modern"	0	330	0	4	27	16.0177684851316	2035.17768485132
"56"	54	8	"modern"	1	96	0	4	9	24.2323264268613	1617.32326426861
"57"	44	32	"modern"	0	71	0	7	1	19.1106264692124	1916.10626469212
"58"	57	38	"modern"	0	362	1	1	26	16.1241706421969	3321.24170642197
"59"	56	48	"modern"	0	130	1	5	28	19.683211986024	2166.83211986024
"60"	47	32	"modern"	0	158	0	1	11	24.0675299582908	1715.67529958291
"61"	49	36	"modern"	0	44	0	5	11	24.2337504193393	1987.33750419339
"62"	50	42	"modern"	0	242	1	2	24	14.6291945428942	1826.29194542894
"63"	48	36	"modern"	0	349	0	4	26	21.9087399295503	1764.0873992955
"64"	60	0	"classic"	0	105	1	1	1	17.8608302653334	2883.60830265333
"65"	51	32	"modern"	1	326	1	1	22	21.3779697197681	1773.77969719768
"66"	47	38	"modern"	1	356	0	3	5	15.4565050134541	1999.56505013454
"67"	53	50	"modern"	0	78	0	3	8	21.1110729304681	2286.11072930468
"68"	51	16	"modern"	0	297	0	1	11	19.7003734290779	2932.00373429078
"69"	50	56	"modern"	0	198	0	4	3	23.7940261411705	2452.9402614117
"70"	50	14	"modern"	1	187	0	8	25	20.1206402283729	1576.20640228373
"71"	52	60	"modern"	0	147	0	3	17	22.7904697935141	2392.90469793514
"72"	46	26	"modern"	0	39	0	4	10	18.1033387422623	1646.03338742262
"73"	45	42	"modern"	1	78	1	7	6	23.6802086517436	2246.80208651744
"74"	57	90	"modern"	1	15	0	3	3	22.243374244767	3327.43374244767
"75"	42	32	"modern"	0	302	1	1	13	17.6145937730767	3046.14593773077
"76"	50	16	"modern"	0	208	0	2	5	17.7325355225615	1512.32535522562
"77"	46	48	"modern"	0	298	0	6	8	22.0482380626681	2205.48238062668
"78"	51	54	"modern"	1	13	0	6	23	19.0745678063665	2345.74567806367
"79"	54	80	"modern"	0	52	0	4	23	19.4216243904724	2769.21624390472
"80"	42	62	"modern"	0	252	0	4	10	25.6019070333106	2361.01907033311
"81"	54	18	"modern"	0	72	0	4	10	20.4028403185274	1669.02840318527
"82"	50	38	"classic"	0	14	0	3	4	18.6473873000873	1996.47387300087
"83"	45	40	"modern"	0	69	1	3	27	13.6394711094192	1676.39471109419
"84"	42	32	"modern"	0	51	0	1	18	13.2385749003747	2937.38574900375
"85"	53	2	"modern"	0	215	0	5	9	16.4686381833786	1329.68638183379
"86"	49	0	"modern"	0	275	0	1	8	18.2167755604114	1087.16775560411
"87"	51	46	"modern"	1	101	0	2	18	18.2385070804989	2107.38507080499
"88"	53	40	"modern"	1	189	0	2	19	17.561975654865	2010.61975654865
"89"	57	50	"modern"	1	224	0	2	21	23.8942243885233	2333.94224388523
"90"	50	2	"modern"	1	290	0	5	19	22.0471368822923	1325.47136882292
"91"	48	32	"modern"	0	121	0	1	8	19.1570529176582	3216.57052917658
"92"	56	6	"modern"	0	103	0	1	14	15.4406835512539	2759.40683551254
"93"	46	32	"modern"	0	204	1	1	3	21.2376945997058	1762.37694599706
"94"	45	32	"classic"	0	307	0	4	10	20.9202488357228	1769.20248835723
"95"	48	0	"modern"	0	262	0	5	10	19.1806618638339	1206.80661863834
"96"	60	46	"modern"	0	218	1	7	25	18.7988515604891	2287.98851560489
"97"	47	0	"modern"	0	96	0	3	16	11.619520348761	991.19520348761
"98"	52	44	"modern"	0	257	1	1	25	22.8212821766807	3418.21282176681
"99"	45	36	"classic"	0	147	0	5	20	17.9972053642285	1749.97205364229
"100"	45	46	"modern"	0	274	0	3	6	10.7231277544907	1962.23127754491
"101"	49	36	"modern"	0	315	1	9	8	22.3278345160236	2133.27834516024
"102"	55	4	"classic"	0	323	1	7	25	20.2519218800636	1357.51921880064
"103"	48	48	"classic"	0	30	0	3	10	25.7693384665802	2167.6933846658
"104"	53	50	"modern"	1	180	0	3	25	20.0191100030209	2205.19110003021
"105"	44	18	"modern"	0	268	0	1	11	23.7042736248584	2872.04273624858
"106"	48	0	"modern"	0	86	1	2	27	20.0519950845513	970.519950845513
"107"	47	40	"modern"	0	251	0	7	26	19.937400943094	1894.37400943094
"108"	49	82	"modern"	0	92	1	1	15	24.1369224861587	2731.36922486159
"109"	55	40	"modern"	1	34	1	5	6	21.4746882283935	2324.74688228394
"110"	50	12	"modern"	0	139	0	5	24	23.3440471537941	1388.44047153794
"111"	51	0	"modern"	0	259	0	8	28	16.9377570359583	1154.37757035958
"112"	51	0	"modern"	0	10	0	2	29	22.4412059250772	1019.41205925077
"113"	48	54	"modern"	0	41	0	1	29	18.7884971103665	1942.88497110366
"114"	44	38	"modern"	0	321	1	9	14	19.1983574929677	1981.98357492968
"115"	49	8	"classic"	0	160	1	2	16	20.3174422160667	1258.17442216067
"116"	51	56	"modern"	0	338	0	2	2	25.3752964141327	2438.75296414133
"117"	54	60	"modern"	0	320	0	8	3	20.1858987360341	2696.85898736034
"118"	49	52	"modern"	0	182	0	1	5	19.1993015250656	2166.99301525066
"119"	49	42	"modern"	0	186	0	4	25	24.9355442848876	1944.35544284888
"120"	56	16	"modern"	0	243	1	3	1	19.1342275553063	1731.34227555306
"121"	47	12	"modern"	0	284	1	1	4	18.3335706222432	2843.33570622243
"122"	52	2	"classic"	0	341	1	1	7	20.0808936175847	2725.80893617585
"123"	48	62	"modern"	1	94	0	1	24	16.1778257098422	3726.77825709842
"124"	52	62	"modern"	0	194	0	4	6	20.2981846550069	2547.98184655007
"125"	44	52	"modern"	0	204	0	4	29	24.1891996309983	1996.89199630998
"126"	48	6	"classic"	0	117	0	5	3	22.0818577691382	1420.81857769138
"127"	49	22	"modern"	0	228	0	5	19	20.9612650360573	1594.61265036057
"128"	54	22	"modern"	0	253	0	6	29	21.9431886837137	1634.43188683714
"129"	48	10	"modern"	0	150	0	5	21	13.7158462962855	1242.15846296286
"130"	51	38	"modern"	1	150	0	3	14	19.4904097568029	2029.90409756803
"131"	48	38	"modern"	0	184	0	2	3	22.4269560980936	1979.26956098094
"132"	47	14	"modern"	0	228	0	5	1	21.8372825068776	1583.37282506878
"133"	53	12	"modern"	0	150	1	7	8	18.7194538943185	1637.19453894319
"134"	48	24	"modern"	0	267	1	2	20	22.4484495267771	1544.48449526777
"135"	55	36	"modern"	0	28	0	5	23	17.0413356376206	1915.41335637621
"136"	52	0	"modern"	0	115	1	7	7	19.866750580388	1398.66750580388
"137"	49	14	"modern"	0	105	0	2	10	24.0707387809696	1465.7073878097
"138"	52	14	"modern"	0	37	0	1	22	17.9793337391337	2784.79333739134
"139"	50	2	"modern"	0	251	1	3	12	22.4822760632796	1254.8227606328
"140"	52	30	"modern"	1	315	1	3	2	23.6835438286154	2066.83543828615
"141"	48	36	"modern"	0	169	0	2	4	20.2793762879052	1907.79376287905
"142"	41	26	"modern"	0	194	1	4	2	18.5852487016527	1645.85248701653
"143"	51	8	"modern"	0	115	0	5	25	18.1063376765793	1266.06337676579
"144"	53	26	"modern"	0	196	0	4	13	16.299476002535	1737.99476002535
"145"	46	32	"modern"	0	262	0	3	3	19.6891543950796	1821.8915439508
"146"	46	10	"classic"	0	191	0	4	6	18.4183664311903	1364.1836643119
"147"	48	28	"modern"	0	187	1	7	18	22.9342431970327	1799.34243197033
"148"	48	42	"modern"	0	267	0	6	19	22.1092266021553	2016.09226602155
"149"	52	36	"modern"	0	279	1	2	2	18.8724569345489	2008.72456934549
"150"	51	24	"modern"	1	214	1	5	19	18.8015859038675	1768.01585903867
"151"	54	20	"modern"	0	53	0	4	1	20.199041442425	1796.99041442425
"152"	57	28	"modern"	0	230	1	1	30	23.2036312947651	3152.03631294765
"153"	50	24	"modern"	0	282	0	9	15	19.6593248803248	1801.59324880325
"154"	50	30	"modern"	0	44	0	1	24	23.0727503188403	3095.7275031884
"155"	51	12	"modern"	0	265	0	4	13	18.8484073372477	1443.48407337248
"156"	49	44	"modern"	0	45	0	6	16	22.5499874773992	2110.49987477399
"157"	50	32	"modern"	0	221	1	10	6	18.8950636275413	2088.95063627541
"158"	50	60	"modern"	0	15	1	7	26	24.8602102651498	2418.6021026515
"159"	51	88	"modern"	0	106	0	7	1	17.1464287573476	3156.46428757348
"160"	51	24	"modern"	0	83	0	9	25	16.0828049260851	1685.82804926085
"161"	49	32	"modern"	0	361	1	1	24	19.476945749462	3094.76945749462
"162"	50	38	"modern"	1	243	0	9	5	18.7205144555502	2272.2051445555
"163"	49	52	"modern"	1	260	0	2	18	18.6636390160301	2191.6363901603
"164"	53	16	"modern"	0	349	1	6	21	18.5580735566184	1555.58073556618
"165"	50	26	"modern"	0	246	0	1	21	24.3500799431892	1558.50079943189
"166"	47	46	"modern"	0	104	0	4	22	23.084970994716	1995.84970994716
"167"	49	28	"modern"	0	199	0	1	9	17.8410276340908	1633.41027634091
"168"	47	12	"modern"	0	123	0	4	15	19.3766481609048	1348.76648160905
"169"	51	46	"modern"	0	112	1	1	28	23.6184023407247	1916.18402340725
"170"	53	46	"modern"	0	108	0	8	3	18.5077142649818	2380.07714264982
"171"	53	62	"modern"	0	216	1	6	26	17.9691619745959	2419.69161974596
"172"	51	30	"modern"	1	154	1	7	4	24.7779830023562	2157.77983002356
"173"	50	12	"modern"	0	88	0	6	18	22.3878913733584	1468.87891373358
"174"	51	48	"modern"	1	337	0	4	12	21.8760139422251	2303.76013942225
"175"	50	42	"modern"	0	112	0	9	18	20.5887896990315	2140.88789699032
"176"	42	16	"classic"	0	120	1	8	24	19.9530987514559	1374.53098751456
"177"	51	36	"classic"	0	242	0	5	11	11.8157767476669	1898.15776747667
"178"	49	40	"modern"	0	305	1	5	27	25.6612470998275	1936.61247099827
"179"	55	24	"modern"	0	320	1	3	24	17.5532657840191	1625.53265784019
"180"	59	70	"modern"	0	235	0	1	9	19.9989374456929	2694.98937445693
"181"	45	44	"modern"	0	238	0	4	25	17.5735490029537	1830.73549002954
"182"	52	26	"modern"	0	294	0	8	5	19.0639254280955	1945.63925428095
"183"	50	38	"modern"	0	122	0	9	7	22.798661968925	2192.98661968925
"184"	48	14	"modern"	0	173	0	2	12	20.1629191119579	1386.62919111958
"185"	52	48	"modern"	0	238	1	3	18	20.2591269171121	2132.59126917112
"186"	53	48	"modern"	0	310	0	5	25	18.1809419300387	2106.80941930039
"187"	50	62	"classic"	0	197	1	5	14	19.9905992004412	2464.90599200441
"188"	49	32	"classic"	0	239	0	5	28	26.7004546418061	1757.00454641806
"189"	46	54	"modern"	0	110	1	1	14	17.829797362996	2058.29797362996
"190"	48	24	"modern"	0	208	0	5	8	21.8912115039629	1733.91211503963
"191"	49	20	"classic"	0	128	0	10	25	21.403878866196	1644.03878866196
"192"	49	16	"modern"	0	5	0	4	9	19.5338025033244	1530.33802503324
"193"	54	34	"modern"	1	347	0	1	20	21.4802960076087	1879.80296007609
"194"	49	26	"modern"	0	160	0	1	28	21.3068844663938	2938.06884466394
"195"	58	54	"modern"	0	181	0	4	13	23.9474544851765	2474.47454485176
"196"	48	24	"modern"	0	243	0	6	26	19.3666251254314	1558.66625125431
"197"	56	34	"modern"	0	229	0	1	13	23.0495752169372	3405.49575216937
"198"	51	32	"modern"	0	257	0	6	17	18.2726133259457	1857.72613325946
"199"	46	24	"modern"	0	357	0	3	26	20.1092414634087	1436.09241463409
"200"	52	0	"modern"	1	61	0	4	6	23.3816044907793	1438.81604490779
"201"	50	66	"modern"	0	101	0	2	28	20.9863870398841	2314.86387039884
"202"	49	22	"modern"	0	328	0	3	8	23.5591199860927	1670.59119986093
"203"	53	44	"modern"	1	246	0	2	21	22.511451050353	2120.11451050353
"204"	52	42	"modern"	0	125	0	4	11	27.0856111468027	2165.85611146803
"205"	54	18	"modern"	1	82	0	3	29	21.39979177069	1558.9979177069
"206"	46	34	"modern"	0	165	1	2	28	20.5370950871488	1605.37095087149
"207"	48	0	"modern"	0	277	0	2	20	20.9201717085017	1034.20171708502
"208"	46	36	"modern"	1	186	0	1	18	21.6565096885899	3281.5650968859
"209"	38	38	"modern"	0	116	0	1	21	16.0745002597859	2975.74500259786
"210"	51	44	"modern"	0	159	0	3	7	18.370163045588	2108.70163045588
"211"	55	22	"modern"	1	323	0	1	29	20.7424938340686	3062.42493834069
"212"	53	42	"modern"	0	234	0	3	25	22.3582558702309	1968.58255870231
"213"	45	0	"modern"	1	225	1	6	7	21.4220268392913	1344.22026839291
"214"	47	58	"modern"	0	145	0	6	21	15.598930074724	2230.98930074724
"215"	43	18	"modern"	1	78	0	8	30	20.7217338255655	1472.21733825565
"216"	55	28	"modern"	0	340	0	1	26	17.1074792715475	3076.07479271547
"217"	49	44	"modern"	0	162	1	5	21	24.1920099935967	2061.92009993597
"218"	46	26	"classic"	0	72	1	9	12	18.7670088642794	1792.67008864279
"219"	54	10	"modern"	0	150	0	4	16	27.2389541668175	1517.38954166818
"220"	49	6	"modern"	0	214	0	8	4	18.353726671924	1488.53726671924
"221"	44	74	"modern"	0	249	0	1	18	21.2627183418883	3897.62718341888
"222"	50	36	"modern"	0	207	0	2	17	18.5332213536526	1800.33221353653
"223"	50	40	"modern"	1	301	0	1	15	24.6535660790042	2001.53566079004
"224"	51	42	"modern"	0	92	0	2	21	17.4479476799262	1889.47947679926
"225"	52	62	"classic"	0	21	1	9	6	14.3234539350463	2648.23453935046
"226"	47	0	"modern"	0	82	0	6	4	16.7584023355461	1252.58402335546
"227"	53	26	"modern"	0	296	0	6	2	18.0774501612397	1925.7745016124
"228"	45	48	"modern"	1	348	0	8	24	19.3561394739983	2158.56139473998
"229"	55	54	"classic"	0	297	0	8	10	25.2400066046138	2572.40006604614
"230"	48	54	"modern"	1	336	0	4	3	24.1885338914751	2476.88533891475
"231"	52	2	"modern"	0	165	0	1	10	18.3985130303101	1168.9851303031
"232"	52	28	"modern"	0	114	1	2	1	18.525531844575	1855.25531844575
"233"	49	24	"modern"	1	364	1	1	28	21.8681355152713	1518.68135515271
"234"	44	46	"modern"	0	47	0	1	10	18.8835290012859	1893.83529001286
"235"	49	12	"modern"	0	134	0	2	18	22.5281750853399	1330.2817508534
"236"	48	20	"modern"	1	227	0	2	17	17.826102025808	1533.26102025808
"237"	48	56	"modern"	0	41	0	1	30	15.3080491682763	1938.08049168276
"238"	53	50	"modern"	0	203	0	3	20	19.5802450969879	2150.80245096988
"239"	53	36	"modern"	0	28	0	1	2	20.8911217808849	1973.91121780885
"240"	51	42	"modern"	0	9	1	1	24	17.6785964398806	3316.78596439881
"241"	47	38	"modern"	0	164	0	3	11	16.6153958609848	1851.15395860985
"242"	60	38	"modern"	0	340	0	6	1	20.1056773505786	2336.05677350579
"243"	43	22	"modern"	0	309	1	4	3	19.5185213393982	1605.18521339398
"244"	44	46	"modern"	0	150	0	3	12	18.3074755441486	1958.07475544149
"245"	51	8	"modern"	0	292	0	1	20	20.8679202058108	1193.67920205811
"246"	61	20	"classic"	0	9	0	5	12	20.0917151964538	1850.91715196454
"247"	49	58	"modern"	0	267	0	6	3	22.2729558260427	2517.72955826043
"248"	45	0	"classic"	1	135	0	2	23	19.0226980268846	1020.22698026885
"249"	48	30	"modern"	0	176	1	2	27	18.1381741783138	1551.38174178314
"250"	60	22	"modern"	0	42	0	4	1	20.4174374627254	1959.17437462725
"251"	47	2	"classic"	0	228	0	10	18	20.8042749158827	1308.04274915883
"252"	48	62	"modern"	1	289	1	8	12	20.3510439204124	2643.51043920412
"253"	49	36	"modern"	0	139	0	4	5	22.4366317001899	1999.3663170019
"254"	53	34	"classic"	0	108	0	1	14	22.022629109318	3320.22629109318
"255"	53	42	"modern"	1	143	1	1	6	24.6859315923061	3706.85931592306
"256"	48	62	"modern"	1	33	0	2	4	17.9729324082293	2504.72932408229
"257"	42	56	"modern"	0	149	0	7	14	19.8523416631276	2233.52341663128
"258"	58	64	"modern"	1	15	1	1	28	18.7398609677056	2467.39860967706
"259"	45	0	"classic"	0	330	1	1	23	18.6069143572323	2371.06914357232
"260"	48	0	"modern"	0	44	0	2	27	18.3406668605061	938.406668605061
"261"	51	30	"modern"	0	211	0	1	26	23.0844908753879	3095.84490875388
"262"	52	40	"modern"	1	82	0	2	4	18.5156687630813	2150.15668763081
"263"	45	34	"modern"	0	306	1	3	11	16.5585062995673	1745.58506299567
"264"	51	12	"modern"	0	364	0	7	24	23.6961987634737	1471.96198763474
"265"	54	12	"modern"	0	86	0	4	23	21.8810278194426	1433.81027819443
"266"	52	52	"modern"	0	69	0	2	8	20.6293012686296	2271.2930126863
"267"	53	58	"modern"	0	246	1	3	21	18.1299912342555	2301.29991234256
"268"	46	18	"modern"	0	209	0	3	5	21.1025366076703	1536.0253660767
"269"	49	26	"modern"	1	29	0	1	9	17.755927301377	3192.55927301377
"270"	54	68	"modern"	0	83	1	4	2	20.4956863564595	2764.9568635646
"271"	52	46	"modern"	0	304	0	3	16	21.636121132872	2111.36121132872
"272"	52	14	"modern"	0	5	0	6	7	24.3200392885306	1678.20039288531
"273"	54	26	"modern"	0	16	0	1	18	19.9910416074409	3124.91041607441
"274"	48	40	"modern"	0	244	0	10	26	12.0193256972946	1925.19325697295
"275"	53	12	"modern"	0	195	1	1	6	20.7854354611304	2967.8543546113
"276"	47	48	"modern"	0	85	0	2	9	18.0693322052149	2055.69332205215
"277"	49	26	"modern"	0	117	1	1	5	19.7001566644132	1667.00156664413
"278"	51	32	"modern"	0	104	0	7	13	21.4991803924642	1959.99180392464
"279"	52	44	"modern"	0	121	0	6	29	19.8445114549804	2013.4451145498
"280"	39	2	"modern"	1	282	0	2	7	19.907494670314	1114.07494670314
"281"	55	60	"modern"	0	52	0	1	1	23.7147263245472	2532.14726324547
"282"	52	60	"modern"	0	104	0	3	9	19.5606465431425	2440.60646543143
"283"	55	20	"modern"	0	290	1	3	26	22.1464702515866	1571.46470251587
"284"	54	0	"modern"	0	107	0	6	14	22.9536306041191	1354.53630604119
"285"	53	22	"modern"	1	167	0	2	28	19.756246724948	1582.56246724948
"286"	51	6	"modern"	1	327	1	1	20	19.018998865844	2750.18998865844
"287"	53	32	"modern"	0	349	0	2	22	16.3583422973745	1708.58342297374
"288"	50	40	"modern"	0	79	0	1	17	17.9689384829712	3314.68938482971
"289"	53	58	"modern"	0	316	1	7	28	23.8791506087792	2408.79150608779
"290"	51	66	"modern"	0	23	1	5	3	19.1021120572356	2671.02112057236
"291"	53	0	"classic"	0	186	0	9	23	16.7969658523423	1267.96965852342
"292"	47	46	"modern"	0	292	0	4	22	19.4666032858048	1959.66603285805
"293"	48	66	"modern"	0	118	0	6	27	13.9024137545423	2334.02413754542
"294"	52	40	"modern"	0	248	0	2	25	22.3167563124498	1878.1675631245
"295"	46	40	"modern"	0	243	0	6	24	16.4559000651087	1829.55900065109
"296"	48	42	"modern"	0	80	0	2	3	18.7636845099074	2022.63684509907
"297"	51	10	"modern"	0	325	0	9	26	20.4140939570537	1439.14093957054
"298"	57	14	"classic"	0	174	0	1	24	20.5658843061248	1385.65884306125
"299"	53	50	"modern"	0	251	0	3	11	18.7020115971441	2232.02011597144
"300"	45	12	"modern"	1	48	0	5	15	15.9675174400148	1404.67517440015
"301"	43	50	"modern"	0	314	0	2	25	22.8758351048972	1903.75835104897
"302"	46	18	"modern"	1	321	0	5	13	17.7586267422589	1582.58626742259
"303"	46	22	"modern"	0	91	0	1	4	19.2088295020856	1517.08829502086
"304"	47	22	"modern"	0	144	0	2	16	20.4598917601678	1489.59891760168
"305"	52	24	"modern"	0	222	1	1	4	18.4264229719697	3184.2642297197
"306"	54	10	"modern"	0	341	0	3	14	17.7503782978651	1412.50378297865
"307"	51	24	"modern"	0	298	0	7	29	19.0921073941666	1615.92107394167
"308"	52	8	"modern"	1	175	0	2	22	20.9693732536838	1354.69373253684
"309"	42	34	"modern"	0	311	0	10	10	22.7572122716846	1952.57212271685
"310"	52	54	"modern"	0	221	1	5	25	19.2718059377039	2232.71805937704
"311"	53	22	"modern"	0	91	1	1	7	20.9951610420265	3159.95161042026
"312"	47	70	"modern"	0	164	0	3	14	14.2082893114917	2437.08289311492
"313"	48	32	"modern"	1	41	0	3	15	19.7193825455133	1842.19382545513
"314"	49	32	"modern"	0	243	0	3	5	20.4618669110796	1869.6186691108
"315"	48	68	"modern"	0	355	0	3	21	24.4922927793467	2449.92292779347
"316"	51	40	"modern"	0	197	0	4	30	19.2904333005797	1837.9043330058
"317"	48	58	"modern"	0	246	0	4	1	15.2749132605609	2387.74913260561
"318"	48	54	"classic"	0	180	0	3	24	16.3625516465301	2053.6255164653
"319"	47	34	"modern"	0	234	1	1	8	17.9520795559936	3239.52079555994
"320"	53	44	"modern"	0	112	0	4	9	20.0588193851996	2175.588193852
"321"	45	16	"modern"	0	179	0	7	19	24.3221585126137	1488.22158512614
"322"	54	6	"modern"	1	342	1	3	3	20.0446974105655	1580.44697410565
"323"	51	26	"modern"	0	69	1	9	16	24.0749201394246	1910.74920139425
"324"	50	50	"modern"	0	20	0	6	15	18.590069702901	2220.90069702901
"325"	51	20	"modern"	1	34	0	2	28	20.5069328885554	1510.06932888555
"326"	60	42	"modern"	0	184	1	7	3	18.3173901073729	2423.17390107373
"327"	52	44	"modern"	0	201	1	8	29	21.324122446618	2103.24122446618
"328"	55	30	"modern"	0	305	1	5	13	19.702340791561	1937.02340791561
"329"	53	32	"classic"	1	247	1	1	18	20.2319869949386	1837.31986994939
"330"	49	32	"modern"	0	32	0	5	16	20.2076880218158	1817.07688021816
"331"	44	72	"modern"	1	66	0	4	10	20.1047679527689	2646.04767952769
"332"	55	62	"modern"	0	17	0	3	16	17.2624670588077	2447.62467058808
"333"	51	34	"modern"	0	98	0	8	22	21.3024456325397	1938.0244563254
"334"	52	38	"classic"	0	213	0	3	1	15.0171606194416	2030.17160619442
"335"	52	38	"modern"	0	324	0	6	16	20.0873889542825	2025.87388954282
"336"	49	4	"modern"	0	193	0	5	21	22.5798781825577	1230.79878182558
"337"	49	20	"modern"	0	125	1	2	25	20.1640478296059	1411.64047829606
"338"	47	46	"modern"	0	157	0	5	25	21.8692422022975	1983.69242202298
"339"	40	26	"modern"	0	60	1	4	21	21.8840061480021	1468.84006148002
"340"	44	36	"modern"	0	127	0	3	23	20.130465537297	1666.30465537297
"341"	57	18	"modern"	0	146	1	2	4	21.3604981993971	1753.60498199397
"342"	41	30	"modern"	1	11	0	2	21	18.7871217114434	1562.87121711443
"343"	52	42	"modern"	0	33	1	1	3	21.3767949634708	3583.76794963471
"344"	52	22	"modern"	0	56	0	3	21	17.4331633952591	1539.33163395259
"345"	46	26	"modern"	0	77	0	2	19	22.0588687817625	1535.58868781762
"346"	54	20	"classic"	1	341	0	7	25	20.1171714054153	1741.17171405415
"347"	48	60	"modern"	0	358	0	7	20	15.7612236253519	2332.61223625352
"348"	50	40	"classic"	0	272	0	7	11	19.3825369103494	2093.82536910349
"349"	56	14	"modern"	0	129	0	3	29	24.2354901308893	1447.35490130889
"350"	48	16	"modern"	0	299	0	5	1	20.7920748165462	1632.92074816546
"351"	49	36	"modern"	0	117	0	1	3	13.9194718480199	1814.1947184802
"352"	55	46	"classic"	1	332	1	5	24	21.8532420900764	2263.53242090076
"353"	50	10	"modern"	1	281	1	9	5	23.7653032134755	1777.65303213475
"354"	48	20	"modern"	1	307	0	3	4	21.5168078253271	1730.16807825327
"355"	55	26	"modern"	0	112	0	2	21	19.7720595500996	1672.720595501
"356"	48	12	"modern"	0	82	0	5	7	16.4700383620755	1449.70038362076
"357"	56	0	"modern"	0	109	1	1	27	22.2145408926783	1092.14540892678
"358"	49	14	"classic"	0	51	0	10	24	18.9939251474353	1509.93925147435
"359"	52	72	"modern"	0	44	0	4	22	25.2603473702677	2637.60347370268
"360"	39	20	"modern"	0	113	1	3	13	23.5399669009109	1395.39966900911
"361"	44	72	"modern"	0	201	0	9	26	17.1569543049453	2506.56954304945
"362"	63	0	"modern"	0	363	0	5	10	19.9869450575289	1514.86945057529
"363"	53	8	"modern"	1	207	0	3	9	15.7970952495276	1482.97095249528
"364"	55	36	"modern"	0	96	1	3	22	18.0120654338434	1890.12065433843
"365"	51	28	"classic"	0	163	1	5	7	23.2876479212731	1907.87647921273
"366"	50	60	"modern"	0	206	0	5	25	17.3693872289793	2278.69387228979
"367"	39	38	"modern"	0	331	1	4	24	17.7117119973664	1617.11711997366
"368"	50	36	"modern"	1	29	0	1	5	21.1017636078991	3486.01763607899
"369"	48	38	"modern"	0	99	1	3	3	15.1160840549606	1951.16084054961
"370"	56	24	"classic"	0	23	0	1	1	20.3336304611824	1793.33630461182
"371"	48	42	"modern"	0	246	0	1	26	19.742780048064	1742.42780048064
"372"	56	70	"modern"	0	309	1	1	2	17.5751493233054	2695.75149323305
"373"	53	16	"modern"	0	216	0	2	25	21.042721517857	1405.42721517857
"374"	53	16	"modern"	0	205	1	4	13	24.520126090419	1635.20126090419
"375"	47	28	"modern"	0	268	0	2	17	21.4496402031605	1609.49640203161
"376"	42	42	"modern"	1	18	0	4	27	22.7039098855495	1862.03909885549
"377"	52	14	"modern"	0	22	1	6	20	19.6844731811116	1516.84473181112
"378"	52	10	"modern"	0	149	0	5	4	17.0082593250134	1525.08259325013
"379"	44	10	"modern"	0	93	0	6	21	18.0136966200246	1235.13696620025
"380"	50	38	"modern"	0	241	0	1	29	23.9410257433579	3214.41025743358
"381"	49	6	"classic"	0	324	1	3	7	20.901416349298	1344.01416349298
"382"	50	70	"classic"	0	129	1	3	23	21.2319754386785	2487.31975438679
"383"	47	40	"classic"	0	52	1	2	27	13.1046039844535	1676.04603984453
"384"	49	54	"modern"	0	331	0	2	5	18.4129349497515	2259.12934949751
"385"	45	56	"modern"	0	231	0	6	4	17.9062667375462	2344.06266737546
"386"	54	34	"modern"	0	205	1	6	13	19.7139789094209	2027.13978909421
"387"	48	38	"modern"	0	284	1	2	18	19.7212083307312	1817.21208330731
"388"	47	28	"modern"	1	16	0	5	17	21.4562944447562	1799.56294444756
"389"	53	8	"classic"	0	48	0	1	22	17.4339910244379	1174.33991024438
"390"	50	28	"modern"	0	39	1	3	8	18.6301277532828	1776.30127753283
"391"	48	44	"classic"	1	122	1	6	27	22.1399032932547	2086.39903293255
"392"	55	48	"modern"	0	113	0	4	22	21.6882767785877	2181.88276778588
"393"	54	24	"modern"	0	312	0	2	18	20.4347531488508	1649.34753148851
"394"	45	38	"modern"	0	56	1	2	29	23.7775467834473	1687.77546783447
"395"	48	0	"modern"	0	262	0	2	16	17.6109128963718	1041.10912896372
"396"	54	48	"modern"	1	139	1	9	18	21.1349102066303	2461.3491020663
"397"	43	18	"modern"	0	55	1	6	27	19.2766487539404	1342.7664875394
"398"	46	26	"classic"	0	271	0	5	17	21.2642744140679	1632.64274414068
"399"	45	56	"modern"	0	345	0	2	10	16.7566474787488	2152.56647478749
"400"	45	42	"modern"	1	42	1	1	11	19.2109696466651	1942.10969646665
"401"	45	6	"modern"	1	86	1	5	10	13.8295200308607	1328.29520030861
"402"	49	44	"modern"	0	317	0	3	18	22.7732814146936	2002.73281414694
"403"	56	12	"classic"	0	162	1	1	17	19.2850990166324	2897.85099016632
"404"	46	54	"modern"	0	188	0	3	7	15.2562943397896	2177.5629433979
"405"	46	30	"modern"	1	3	0	8	11	17.8009835293857	1933.00983529386
"406"	54	16	"modern"	0	337	0	6	16	22.3551284791875	1648.55128479188
"407"	42	0	"modern"	0	85	0	2	17	13.3538225534236	868.538225534236
"408"	46	4	"modern"	0	121	0	2	5	23.7876456614578	1252.87645661458
"409"	53	72	"modern"	0	334	0	9	4	16.9902151298166	2904.90215129817
"410"	52	38	"modern"	0	132	0	6	2	21.0692341448945	2175.69234144895
"411"	54	30	"modern"	0	239	0	2	17	19.9091582503667	1774.09158250367
"412"	51	72	"modern"	0	268	1	1	28	24.3489403868934	2443.48940386893
"413"	56	42	"modern"	0	16	0	3	28	18.236971012701	1957.36971012701
"414"	49	48	"modern"	1	176	1	5	1	22.3674965392342	2423.67496539234
"415"	50	38	"modern"	0	131	0	6	6	17.5763589839884	2060.76358983988
"416"	49	0	"modern"	0	244	0	4	24	14.4110526374685	1009.11052637469
"417"	51	14	"modern"	0	152	0	9	2	21.9598350997622	1774.59835099762
"418"	42	20	"modern"	1	177	0	7	14	26.1028543718933	1676.02854371893
"419"	49	6	"modern"	1	184	0	1	17	20.8433630512164	2743.43363051216
"420"	46	48	"modern"	0	209	0	5	21	22.7949858503469	2052.94985850347
"421"	51	34	"modern"	0	195	0	6	21	17.4442312333014	1849.44231233301
"422"	53	32	"modern"	0	22	0	2	3	18.7559784898499	1922.5597848985
"423"	48	42	"modern"	0	93	1	2	24	17.9133587381024	1819.13358738102
"424"	52	42	"modern"	0	224	1	2	30	16.8740192412958	1828.74019241296
"425"	51	8	"modern"	0	307	1	8	1	22.5895761458633	1655.89576145863
"426"	54	38	"modern"	0	289	1	1	28	21.9069708906868	1799.06970890687
"427"	48	24	"modern"	0	49	0	4	17	20.4606613948971	1599.60661394897
"428"	43	38	"modern"	0	211	0	10	17	24.4687002688635	1999.68700268863
"429"	53	28	"modern"	1	285	0	6	30	20.6970447285389	1811.97044728539
"430"	49	50	"modern"	0	188	0	2	21	18.7311686746265	2022.31168674626
"431"	53	60	"classic"	0	224	1	8	26	19.9732708141314	2454.73270814131
"432"	50	2	"modern"	1	60	1	3	3	18.7979053357771	1407.97905335777
"433"	54	2	"modern"	1	93	0	3	27	18.3180649973353	1228.18064997335
"434"	47	80	"modern"	0	274	0	6	30	17.2716010241746	2597.71601024175
"435"	51	42	"classic"	0	22	0	8	15	18.544849740832	2135.44849740832
"436"	52	14	"modern"	0	118	0	2	12	24.3272535407051	1508.27253540705
"437"	47	20	"modern"	1	150	0	3	27	20.3964596106371	1468.96459610637
"438"	53	48	"modern"	1	66	0	3	29	17.4824318623747	2099.82431862375
"439"	54	40	"classic"	1	295	0	4	27	22.6690537035251	2056.69053703525
"440"	40	0	"classic"	0	269	0	2	19	21.6955319300034	886.955319300034
"441"	47	2	"modern"	0	351	0	4	14	20.4275215033902	1169.2752150339
"442"	50	16	"modern"	1	218	0	4	30	25.2216725526833	1497.21672552683
"443"	57	44	"modern"	0	133	1	3	20	16.696138226116	2096.96138226116
"444"	45	86	"modern"	0	352	0	8	1	23.1199969229097	3086.1999692291
"445"	54	28	"modern"	1	60	0	6	18	19.1236208910525	1936.23620891052
"446"	55	48	"modern"	0	225	0	4	13	16.9740610143961	2224.74061014396
"447"	46	36	"modern"	0	271	0	8	2	20.5361624069198	2070.3616240692
"448"	49	20	"modern"	0	5	0	6	20	22.7124590676638	1592.12459067664
"449"	49	74	"classic"	0	9	0	5	27	18.7214287933197	2527.2142879332
"450"	52	14	"modern"	1	66	1	3	12	21.2975768467852	1622.97576846785
"451"	42	22	"modern"	0	356	1	6	13	22.3392933410111	1573.39293341011
"452"	37	20	"modern"	0	174	0	1	12	23.1592683302325	1256.59268330232
"453"	54	18	"modern"	0	164	1	4	6	18.0807809933222	1700.80780993322
"454"	50	12	"modern"	1	194	0	3	1	19.4621372744956	1619.62137274496
"455"	49	0	"modern"	0	192	0	3	9	15.5043706840367	1140.04370684037
"456"	51	46	"classic"	1	203	0	5	8	21.534570643704	2325.34570643704
"457"	51	34	"modern"	1	128	1	2	27	17.1816096779363	1781.81609677936
"458"	54	4	"modern"	0	314	0	8	9	22.8043464348333	1543.04346434833
"459"	41	68	"modern"	0	248	1	6	6	16.5988995990845	2485.98899599085
"460"	43	6	"modern"	0	244	0	3	9	21.9911691356929	1204.91169135693
"461"	57	0	"modern"	1	292	1	1	10	21.2058294470412	1372.05829447041
"462"	43	26	"modern"	0	262	0	7	3	18.9881451674727	1754.88145167473
"463"	43	30	"modern"	0	3	0	1	16	15.4790086948537	1459.79008694854
"464"	50	34	"modern"	0	327	1	4	7	26.3270764485446	2013.27076448545
"465"	50	56	"classic"	1	117	1	10	23	22.9375816545912	2534.37581654591
"466"	44	38	"modern"	0	196	0	6	23	25.6984576630784	1851.98457663078
"467"	48	42	"classic"	0	351	0	2	17	21.2427983212307	1902.42798321231
"468"	52	84	"modern"	0	33	0	4	28	23.8111114285597	2803.1111142856
"469"	48	46	"modern"	1	190	0	1	10	22.4099357530703	2109.0993575307
"470"	50	12	"modern"	0	301	0	7	2	18.6625945047722	1621.62594504772
"471"	55	50	"modern"	0	285	0	2	29	19.4263098849947	2069.26309884995
"472"	47	26	"modern"	0	52	0	8	14	16.5482580971944	1730.48258097194
"473"	52	40	"modern"	1	298	1	6	22	20.0575240959382	2120.57524095938
"474"	43	6	"modern"	0	245	0	9	22	22.3371210792089	1258.37121079209
"475"	48	0	"modern"	0	132	0	1	7	16.9586531083742	1064.58653108374
"476"	58	6	"modern"	1	280	0	6	20	19.6528906962044	1561.52890696204
"477"	52	58	"modern"	0	219	1	1	26	20.1199969265214	2161.19996926521
"478"	54	48	"modern"	0	232	1	8	5	18.4599598951152	2434.59959895115
"479"	55	54	"modern"	0	69	0	5	22	19.0141464487384	2305.14146448738
"480"	50	18	"modern"	0	70	1	4	4	21.6408748008922	1676.40874800892
"481"	50	52	"modern"	0	163	0	7	28	22.3638906944743	2198.63890694474
"482"	54	46	"modern"	0	217	0	2	27	22.0317098678523	2015.31709867852
"483"	51	4	"modern"	0	355	0	5	15	18.4367562751663	1289.36756275166
"484"	46	34	"modern"	0	97	0	4	10	19.4004781348194	1819.00478134819
"485"	48	60	"modern"	1	268	0	2	8	16.9222344831731	2414.22234483173
"486"	52	42	"modern"	0	263	0	5	8	21.5005278875856	2170.00527887586
"487"	49	22	"modern"	0	185	0	1	1	17.0332736204798	1585.3327362048
"488"	47	42	"modern"	0	151	0	7	27	23.1894728869985	1956.89472886999
"489"	50	12	"modern"	1	54	0	6	23	22.9267927202304	1524.2679272023
"490"	49	24	"modern"	1	354	0	6	8	19.570641008569	1860.70641008569
"491"	55	38	"modern"	1	347	0	1	29	19.6273165666051	1871.27316566605
"492"	49	24	"modern"	0	107	0	10	22	16.6279640706574	1711.27964070657
"493"	55	42	"modern"	0	339	0	6	8	23.3289006613176	2278.28900661318
"494"	46	26	"modern"	0	124	0	7	21	22.9672901577214	1674.67290157721
"495"	48	46	"classic"	1	73	0	3	28	23.7636572514153	2027.63657251415
"496"	43	8	"modern"	0	65	1	7	9	20.4019188549789	1364.01918854979
"497"	50	54	"modern"	1	90	1	2	12	15.044082190277	2290.44082190277
"498"	48	4	"modern"	0	134	0	1	5	22.2926952332255	1217.92695233226
"499"	40	36	"modern"	0	234	1	1	11	22.010860569919	1650.10860569919
"500"	47	20	"modern"	0	57	1	2	27	16.6392674483553	1316.39267448355
"501"	44	10	"classic"	0	246	0	4	3	19.6452862154838	1366.45286215484
"502"	51	42	"modern"	0	76	1	6	28	21.3822431510971	1993.82243151097
"503"	49	46	"modern"	0	117	1	7	10	22.5634472223859	2255.63447222386
"504"	42	40	"modern"	0	350	0	2	10	18.732967734832	1792.32967734832
"505"	51	4	"modern"	1	38	0	6	5	20.2408008705791	1537.40800870579
"506"	49	32	"modern"	0	339	0	4	30	21.1955310603717	1656.95531060372
"507"	60	66	"modern"	0	116	1	4	28	18.6689129592981	2566.68912959298
"508"	52	32	"modern"	0	182	0	3	19	15.3361023992965	1738.36102399297
"509"	48	42	"modern"	0	87	1	1	26	17.9421278089248	3239.42127808925
"510"	52	36	"modern"	0	81	0	2	19	21.9233513052253	1854.23351305225
"511"	50	28	"classic"	0	63	0	1	30	21.5972676336101	2975.9726763361
"512"	52	42	"modern"	0	346	0	7	13	21.9133901087842	2184.13390108784
"513"	59	8	"modern"	0	197	1	2	17	23.3958554752592	1483.95855475259
"514"	48	34	"classic"	0	209	0	3	6	19.8456293689437	1868.45629368944
"515"	52	32	"modern"	0	64	0	1	1	17.7709803873793	3352.70980387379
"516"	55	56	"classic"	0	167	0	2	10	19.1810872816009	2371.81087281601
"517"	46	56	"modern"	0	257	0	3	8	27.1369549881505	2326.36954988151
"518"	44	20	"modern"	1	343	0	1	17	20.6610094071636	1421.61009407164
"519"	49	60	"modern"	1	286	0	5	19	19.6311130907079	2441.31113090708
"520"	50	48	"classic"	0	316	1	2	18	17.3184474804273	2028.18447480427
"521"	51	40	"classic"	0	123	0	5	15	22.5470789086659	2045.47078908666
"522"	52	42	"modern"	0	251	0	4	5	19.3884709630879	2148.88470963088
"523"	46	38	"modern"	0	90	0	4	18	24.3292006052643	1868.29200605264
"524"	57	18	"modern"	0	60	1	4	26	16.0335515671728	1540.33551567173
"525"	56	0	"modern"	0	280	1	6	5	17.1277716863518	1441.27771686352
"526"	46	80	"modern"	0	137	1	4	8	23.4235567272251	2814.23556727225
"527"	51	42	"modern"	1	341	0	4	8	22.5810997030187	2230.81099703019
"528"	52	30	"modern"	1	106	0	3	10	13.8082963932775	1873.08296393277
"529"	46	80	"modern"	0	153	0	3	9	16.1963944143279	2686.96394414328
"530"	53	20	"modern"	0	171	1	6	8	19.8096788510151	1778.09678851015
"531"	50	40	"modern"	0	336	0	8	27	19.2473276906141	1967.47327690614
"532"	59	46	"modern"	0	319	0	3	17	18.3141727222078	2208.14172722208
"533"	45	10	"classic"	0	283	0	1	15	21.4525646488956	2664.52564648896
"534"	46	40	"modern"	0	178	0	4	9	22.7379453227842	1982.37945322784
"535"	56	44	"modern"	0	115	1	3	7	23.9928816133604	2279.9288161336
"536"	49	32	"classic"	0	266	0	3	12	17.9130194799627	1769.13019479963
"537"	53	24	"classic"	0	171	0	4	22	18.7318448250159	1627.31844825016
"538"	45	30	"modern"	0	171	0	3	1	22.1156069376957	1806.15606937696
"539"	54	56	"modern"	0	275	0	5	25	22.6934488353733	2331.93448835373
"540"	52	18	"modern"	0	233	0	1	16	22.9163347533183	1474.16334753318
"541"	53	6	"modern"	0	24	1	2	1	18.5386922725696	1435.3869227257
"542"	47	14	"modern"	1	342	0	3	26	19.8368771201283	1353.36877120128
"543"	52	18	"modern"	0	42	0	2	4	21.0629650945284	1635.62965094528
"544"	51	0	"modern"	0	335	1	10	8	19.1521409854905	1451.52140985491
"545"	51	56	"modern"	0	210	0	2	17	21.3583811774404	2248.5838117744
"546"	51	22	"classic"	0	152	0	6	1	22.4470724650433	1854.47072465043
"547"	53	50	"modern"	0	257	0	4	18	21.7850833341248	2222.85083334125
"548"	48	56	"modern"	0	365	0	4	7	17.397059362197	2308.97059362197
"549"	57	46	"modern"	0	348	0	7	7	22.3437278514235	2428.43727851424
"550"	47	6	"modern"	0	326	0	3	10	21.0679262260573	1265.67926226057
"551"	46	44	"modern"	0	296	0	6	30	21.2081465160518	1897.08146516052
"552"	52	32	"modern"	1	239	0	6	27	18.9597620649879	1884.59762064988
"553"	50	48	"modern"	1	154	0	1	24	19.9167204531411	3524.16720453141
"554"	46	70	"modern"	0	300	1	1	28	21.439176551401	3774.39176551401
"555"	51	32	"modern"	0	248	0	3	5	20.2288143756864	1907.28814375686
"556"	49	50	"modern"	0	350	0	4	15	18.5086161301764	2140.08616130176
"557"	46	28	"modern"	0	102	0	8	22	20.7168659395505	1712.16865939551
"558"	51	40	"modern"	0	192	0	5	28	20.5506965396832	1900.50696539683
"559"	56	58	"modern"	0	156	1	4	13	18.911348074095	2479.11348074095
"560"	55	46	"classic"	0	140	1	1	30	20.680529642368	3441.80529642368
"561"	62	22	"modern"	0	242	0	8	20	20.8704360533369	1933.70436053337
"562"	53	60	"modern"	0	60	0	6	13	22.9636167764779	2544.63616776478
"563"	47	18	"modern"	1	132	0	5	27	16.7175552962812	1452.17555296281
"564"	49	26	"modern"	0	191	0	5	13	21.3882155947249	1738.88215594725
"565"	53	24	"modern"	1	311	0	6	11	19.1280252655769	1906.28025265577
"566"	46	20	"modern"	0	204	1	3	29	19.1717838988132	1331.71783898813
"567"	46	54	"modern"	0	345	0	3	6	18.332885622206	2218.32885622206
"568"	46	18	"modern"	0	343	0	9	11	23.3561662366666	1678.56166236667
"569"	51	58	"modern"	1	22	0	5	16	17.6991047511054	2451.99104751105
"570"	51	22	"modern"	0	284	0	5	9	17.0027359901592	1695.02735990159
"571"	47	14	"modern"	1	198	0	2	29	21.4706906052294	1309.70690605229
"572"	49	8	"modern"	0	220	0	4	14	25.0564824144269	1375.56482414427
"573"	57	18	"modern"	1	205	0	2	10	24.4975427743528	1809.97542774353
"574"	48	30	"modern"	0	51	0	4	12	20.2022749634127	1767.02274963413
"575"	48	28	"modern"	0	136	0	6	19	18.8417272953624	1703.41727295362
"576"	55	14	"modern"	0	90	1	5	16	17.3532658215377	1563.53265821538
"577"	50	26	"modern"	0	272	1	4	7	22.8492425478713	1818.49242547871
"578"	52	14	"modern"	0	339	0	4	28	19.3474585694997	1358.474585695
"579"	56	12	"modern"	1	155	0	2	24	18.2744363901641	1467.74436390164
"580"	54	0	"modern"	0	116	0	1	23	21.8261821552351	1073.26182155235
"581"	52	18	"modern"	0	339	1	3	20	17.4074421050905	1484.07442105091
"582"	49	58	"modern"	0	188	1	2	14	20.1117301379144	2281.11730137914
"583"	47	26	"modern"	1	49	1	6	29	19.3916558527228	1663.91655852723
"584"	53	4	"modern"	1	172	0	2	18	20.297607346293	1327.97607346293
"585"	47	32	"modern"	0	83	0	1	2	22.6600810760431	3291.60081076043
"586"	52	50	"modern"	0	2	0	4	13	21.1772170089147	2246.77217008915
"587"	48	28	"modern"	0	16	0	2	30	10.0621798611238	1385.62179861124
"588"	50	28	"modern"	0	168	1	7	8	21.2294936202468	1922.29493620247
"589"	53	28	"modern"	0	20	0	6	30	19.7308345167774	1702.30834516777
"590"	51	14	"modern"	0	272	0	3	3	19.9998105127437	1564.99810512744
"591"	48	4	"modern"	0	105	0	1	2	17.1911681922213	1196.91168192221
"592"	49	62	"classic"	0	45	1	1	18	24.2293694463458	2297.29369446346
"593"	57	30	"modern"	0	148	0	5	18	21.6436315781031	1931.43631578103
"594"	38	32	"modern"	0	39	0	3	26	16.5019729005713	1400.01972900571
"595"	52	40	"modern"	0	134	0	9	29	16.6311489322295	1991.31148932229
"596"	41	34	"modern"	0	214	0	4	27	18.0361812434001	1535.361812434
"597"	49	58	"modern"	0	294	0	1	12	18.8214727938598	3713.2147279386
"598"	46	42	"modern"	0	20	0	4	13	19.6022612290046	1951.02261229005
"599"	49	4	"modern"	1	101	1	3	2	21.0330557525761	1460.33055752576
"600"	60	20	"modern"	0	222	0	3	10	17.9224774769691	1774.22477476969
"601"	58	40	"modern"	0	125	1	3	4	21.8542685210328	2248.54268521033
"602"	50	30	"modern"	0	310	1	6	19	18.0329514058654	1790.32951405865
"603"	45	28	"modern"	0	67	0	2	3	15.0444355569813	1645.44435556981
"604"	53	6	"modern"	0	27	0	3	22	26.0460047140444	1315.46004714044
"605"	53	16	"modern"	0	186	0	10	17	17.5271051603953	1690.27105160395
"606"	44	14	"modern"	0	357	0	9	4	17.844899431258	1573.44899431258
"607"	52	16	"modern"	0	57	0	7	20	21.7859512501835	1592.85951250183
"608"	47	64	"modern"	1	239	0	2	5	20.9796227472275	2544.79622747227
"609"	47	66	"modern"	0	243	0	3	29	19.4410252365898	2259.4102523659
"610"	45	34	"modern"	0	3	1	4	18	19.0113310021246	1730.11331002125
"611"	50	10	"modern"	0	83	0	4	8	24.2910410325891	1487.91041032589
"612"	45	58	"modern"	0	365	1	5	10	18.1529092039224	2311.52909203922
"613"	42	14	"modern"	0	357	0	6	24	22.8870514801284	1293.87051480128
"614"	41	26	"modern"	0	119	1	6	4	18.9559552335778	1689.55955233578
"615"	50	40	"modern"	0	290	0	5	8	16.6526312328725	2041.52631232872
"616"	53	66	"classic"	0	225	1	1	12	18.2787809152867	2457.78780915287
"617"	47	20	"modern"	0	47	0	8	5	21.1560281611848	1746.56028161185
"618"	48	62	"modern"	0	283	1	2	10	18.2816502559733	2362.81650255973
"619"	53	38	"modern"	0	288	0	4	8	19.7599133665899	2062.5991336659
"620"	51	10	"modern"	0	194	0	2	25	17.2184193592222	1207.18419359222
"621"	57	26	"modern"	0	154	1	1	26	20.4452025411809	3124.45202541181
"622"	49	28	"modern"	0	95	0	7	8	22.1367697650441	1896.36769765044
"623"	49	8	"modern"	1	50	0	4	13	22.6009294542861	1461.00929454286
"624"	59	62	"classic"	0	148	0	6	25	18.9127698582359	2539.12769858236
"625"	49	54	"classic"	0	151	1	8	10	19.1632137491019	2406.63213749102
"626"	45	56	"modern"	0	332	0	2	10	21.2465293503853	2197.46529350385
"627"	53	36	"classic"	1	152	0	6	2	17.9578897900939	2219.57889790094
"628"	50	2	"modern"	0	203	0	4	29	23.9196782730512	1114.19678273051
"629"	52	32	"modern"	0	3	0	9	23	20.6468023299141	1931.46802329914
"630"	52	44	"modern"	0	3	0	9	1	19.5589818010464	2380.58981801046
"631"	56	28	"modern"	0	149	1	2	22	28.9996406165796	1829.9964061658
"632"	55	46	"modern"	0	272	0	6	22	21.0069559478746	2195.06955947875
"633"	50	54	"modern"	1	71	0	3	23	22.2606885152687	2267.60688515269
"634"	52	52	"modern"	0	187	0	1	17	17.6809329150674	2091.80932915067
"635"	53	12	"modern"	0	81	1	2	8	19.2415764083732	1492.41576408373
"636"	52	54	"modern"	0	129	0	3	5	22.0724895488362	2385.72489548836
"637"	50	46	"modern"	0	58	0	6	7	19.971533469724	2234.71533469724
"638"	55	36	"modern"	0	220	0	3	6	17.90239396327	2034.0239396327
"639"	53	52	"modern"	1	328	1	8	3	13.3716783470826	2563.71678347083
"640"	48	28	"modern"	0	38	0	1	21	21.318886484036	3028.18886484036
"641"	47	4	"modern"	0	27	0	2	9	25.861557095229	1253.61557095229
"642"	47	34	"modern"	1	189	0	1	20	21.6345201476035	3241.34520147603
"643"	45	46	"modern"	0	53	0	2	4	13.5177995031382	1980.17799503138
"644"	53	16	"modern"	0	141	1	6	12	24.6295639834913	1706.29563983491
"645"	49	18	"modern"	0	93	0	1	7	18.5932620204883	1460.93262020488
"646"	50	6	"modern"	0	87	0	2	10	23.8470165846358	1323.47016584636
"647"	46	32	"classic"	0	364	0	4	22	21.8488740727019	1678.48874072702
"648"	50	40	"modern"	0	269	1	6	16	16.450076670601	2004.50076670601
"649"	40	10	"classic"	0	144	1	5	11	17.8487372486128	1233.48737248613
"650"	41	2	"modern"	0	288	1	10	1	15.9523942384861	1329.52394238486
"651"	54	42	"modern"	1	332	0	4	27	19.1896214251064	2066.89621425106
"652"	43	12	"modern"	0	303	0	7	23	19.324388496159	1278.24388496159
"653"	48	62	"modern"	0	227	0	6	27	25.3172081554874	2368.17208155487
"654"	45	72	"modern"	1	306	0	2	26	23.767908867536	2482.67908867536
"655"	47	26	"modern"	0	210	0	7	9	21.0527627211281	1795.52762721128
"656"	50	28	"modern"	0	10	0	6	7	18.4688193884744	1859.68819388474
"657"	57	10	"modern"	1	143	0	4	29	24.3797005552403	1518.7970055524
"658"	56	70	"modern"	0	117	0	1	25	17.5333290568701	2450.3332905687
"659"	51	64	"modern"	0	36	1	8	8	24.1206425306685	2721.20642530668
"660"	48	44	"modern"	1	275	0	1	30	16.1941089557822	1806.94108955782
"661"	51	0	"modern"	0	275	0	6	23	24.9397979029628	1224.39797902963
"662"	46	8	"modern"	0	187	1	6	4	22.6493260354772	1466.49326035477
"663"	50	38	"modern"	1	94	0	4	24	20.5817758460858	1950.81775846086
"664"	55	20	"modern"	0	301	1	3	25	23.8036314972712	1598.03631497271
"665"	48	62	"modern"	0	6	1	7	10	13.2020002126571	2462.02000212657
"666"	48	70	"modern"	0	284	0	10	21	19.6805157954451	2651.80515795445
"667"	53	8	"modern"	0	8	0	1	5	20.5311005439301	2880.3110054393
"668"	51	22	"modern"	0	101	0	5	1	20.7162499067158	1812.16249906716
"669"	52	12	"modern"	0	277	0	7	16	20.3401612976684	1538.40161297668
"670"	54	26	"modern"	1	112	0	1	4	19.6855779615471	1861.85577961547
"671"	50	46	"modern"	0	120	0	9	2	23.435553423717	2409.35553423717
"672"	40	20	"modern"	0	180	0	2	4	14.2806111889598	1367.8061118896
"673"	53	54	"modern"	0	131	0	4	20	23.9333811038605	2304.3338110386
"674"	44	14	"modern"	0	274	1	2	28	22.1073920901713	1181.07392090171
"675"	52	16	"modern"	1	192	0	4	18	26.2418645083161	1667.41864508316
"676"	53	32	"modern"	0	64	0	5	19	18.8091586444289	1853.09158644429
"677"	50	40	"modern"	0	114	0	3	20	20.768045859231	1902.68045859231
"678"	51	44	"modern"	0	356	0	2	21	19.3005203738385	1948.00520373838
"679"	55	62	"modern"	0	286	0	5	14	17.428542343617	2529.28542343617
"680"	53	12	"modern"	0	147	0	5	28	24.5051910567934	1420.05191056793
"681"	55	48	"modern"	0	250	0	4	25	19.1008549596717	2126.00854959672
"682"	45	54	"modern"	0	31	1	1	15	23.5068591271092	2085.06859127109
"683"	46	34	"modern"	0	167	0	4	3	16.830810174046	1863.30810174046
"684"	51	0	"classic"	0	201	0	8	4	15.8146867642322	1378.14686764232
"685"	50	56	"modern"	0	38	0	5	6	20.5819737270261	2420.81973727026
"686"	48	96	"modern"	1	295	0	5	8	20.6659502923739	3261.65950292374
"687"	54	56	"classic"	0	40	0	5	29	17.9682520720058	2239.68252072006
"688"	50	50	"modern"	1	80	0	2	3	18.9531953766373	2324.53195376637
"689"	54	32	"modern"	0	208	1	4	13	21.1913451468828	1941.91345146883
"690"	46	80	"modern"	0	14	1	1	8	20.6527101886069	2666.52710188607
"691"	51	34	"modern"	0	43	1	4	23	18.89080732744	1798.9080732744
"692"	47	34	"modern"	0	70	1	5	26	20.5396667145189	1735.39666714519
"693"	45	56	"modern"	0	103	0	5	15	20.9738166703504	2234.7381667035
"694"	53	54	"modern"	0	44	1	7	28	20.2226399241229	2292.22639924123
"695"	52	36	"modern"	0	40	0	4	16	20.0221201842975	1925.22120184297
"696"	45	10	"modern"	0	349	0	3	8	19.282309658983	1307.82309658983
"697"	51	42	"modern"	1	300	0	2	14	18.2876885934571	2067.87688593457
"698"	49	30	"modern"	0	103	0	1	11	24.9542676606923	1724.54267660692
"699"	45	16	"modern"	0	346	0	1	23	19.2004288998584	1187.00428899858
"700"	51	34	"modern"	0	201	0	1	30	24.028146113609	1645.28146113609
"701"	52	44	"modern"	0	8	0	1	12	23.7028467325	3542.028467325
"702"	50	36	"modern"	0	144	0	3	6	23.456477792452	1989.56477792452
"703"	56	30	"classic"	0	147	1	5	2	16.2785758945155	2027.78575894515
"704"	54	60	"modern"	0	314	0	7	13	21.7610921794202	2582.6109217942
"705"	44	32	"modern"	0	300	0	4	1	18.5978879727638	1820.97887972764
"706"	58	4	"modern"	1	343	1	2	18	14.3166803813029	1383.16680381303
"707"	54	4	"modern"	0	19	0	2	5	22.5767749615738	1400.76774961574
"708"	53	20	"modern"	0	71	0	8	26	22.1452840556481	1666.45284055648
"709"	55	16	"modern"	1	50	0	4	15	17.3175151276663	1668.17515127666
"710"	44	26	"modern"	0	64	0	7	12	22.2472215111932	1717.47221511193
"711"	50	32	"modern"	0	110	0	1	9	24.5568207059175	3300.56820705917
"712"	43	44	"modern"	0	139	0	8	24	18.7811946231818	1932.81194623182
"713"	53	56	"modern"	0	193	1	3	6	20.152310300408	2431.52310300408
"714"	51	42	"modern"	0	362	0	7	8	19.683953455598	2191.83953455598
"715"	48	40	"modern"	0	4	1	1	16	21.7098856335475	1837.09885633547
"716"	51	0	"modern"	0	173	0	8	29	16.1472849092368	1136.47284909237
"717"	55	32	"modern"	1	94	1	7	26	18.8468544680333	1998.46854468033
"718"	52	50	"modern"	1	224	0	3	14	27.8376536654169	2373.37653665417
"719"	51	8	"modern"	0	241	0	3	17	19.8780962383873	1303.78096238387
"720"	54	44	"modern"	0	63	0	5	4	13.8257731928834	2213.25773192883
"721"	60	0	"modern"	0	99	0	3	8	27.4171064738949	1489.17106473895
"722"	53	22	"modern"	0	202	1	3	10	23.1215003671982	1741.21500367198
"723"	46	0	"classic"	0	132	0	4	21	22.710652697258	1057.10652697258
"724"	53	8	"classic"	0	33	1	2	27	17.4159219984092	1199.15921998409
"725"	55	20	"modern"	1	58	1	7	24	23.3396717838175	1823.39671783817
"726"	52	34	"modern"	0	354	0	1	11	15.7806403507892	3272.80640350789
"727"	47	42	"modern"	0	123	0	4	15	21.482467732224	1969.82467732224
"728"	46	44	"modern"	0	311	0	3	15	15.8158997608365	1903.15899760837
"729"	50	40	"modern"	0	4	1	8	18	21.3800040276813	2093.80004027681
"730"	44	0	"modern"	0	140	0	7	3	24.5357162769825	1310.35716276983
"731"	52	24	"modern"	0	90	0	4	16	14.6008759833489	1631.00875983349
"732"	54	0	"modern"	0	153	0	3	16	13.1016100150484	1146.01610015048
"733"	52	36	"classic"	0	123	1	3	13	13.002216050082	1865.02216050082
"734"	46	8	"modern"	1	34	0	3	22	18.4965058722517	1239.96505872252
"735"	49	6	"modern"	0	54	0	5	26	22.270379269004	1217.70379269004
"736"	58	38	"modern"	0	332	1	5	24	21.0142059869873	2060.14205986987
"737"	41	14	"modern"	0	277	0	5	17	21.1371208681495	1296.37120868149
"738"	48	16	"modern"	0	217	0	1	22	21.6662164461022	1281.66216446102
"739"	49	52	"modern"	0	282	0	1	8	18.8543711453087	3633.54371145309
"740"	54	32	"modern"	1	155	0	7	4	20.4579949161711	2199.57994916171
"741"	48	26	"modern"	0	170	0	8	28	18.9679903713843	1634.67990371384
"742"	49	50	"modern"	0	187	0	2	15	17.6473015747209	2071.47301574721
"743"	48	0	"modern"	0	277	0	2	22	23.2963107916835	1037.96310791684
"744"	52	58	"classic"	0	40	0	8	28	20.0093577578832	2360.09357757883
"745"	45	30	"modern"	0	183	0	4	24	21.4693188883789	1599.69318888379
"746"	59	80	"modern"	0	225	1	6	17	19.9647359003521	3009.64735900352
"747"	49	18	"modern"	0	192	0	6	4	21.9935956690089	1704.93595669009
"748"	49	8	"modern"	0	173	0	7	19	17.9983802475825	1344.98380247583
"749"	48	6	"modern"	0	304	0	4	6	23.5162254122869	1380.16225412287
"750"	49	16	"modern"	0	286	0	6	1	23.0768807372611	1705.76880737261
"751"	50	40	"modern"	0	358	1	2	15	20.9389916876306	1939.38991687631
"752"	49	4	"modern"	1	329	0	2	12	18.9283805791747	1294.28380579175
"753"	52	24	"modern"	1	252	0	7	29	21.30210616064	1758.0210616064
"754"	50	40	"modern"	1	134	0	6	14	20.3057772060505	2148.05777206051
"755"	41	32	"modern"	1	303	0	7	21	20.1142343163717	1766.14234316372
"756"	46	26	"modern"	0	173	1	2	16	15.6336620612954	1516.33662061295
"757"	48	38	"modern"	0	180	0	3	23	22.0316979077625	1805.31697907763
"758"	59	14	"modern"	0	220	1	8	25	18.6116660742215	1656.11666074222
"759"	51	40	"modern"	0	339	0	5	10	24.8014184704224	2123.01418470422
"760"	45	20	"modern"	1	340	0	4	9	23.7831614985591	1672.83161498559
"761"	58	36	"modern"	0	223	1	1	27	24.1572104452757	3371.57210445276
"762"	52	68	"modern"	1	358	0	1	6	17.3020115884416	4118.02011588442
"763"	58	4	"modern"	1	273	0	1	24	18.8981266836924	1293.98126683692
"764"	49	16	"modern"	1	140	0	9	13	21.0371776880193	1755.37177688019
"765"	52	18	"modern"	0	61	0	1	13	18.7314529928584	1462.31452992858
"766"	44	28	"modern"	0	24	0	2	20	18.0293691836439	1485.29369183644
"767"	54	8	"modern"	0	267	0	2	7	26.1545149499084	1496.54514949908
"768"	47	18	"modern"	0	198	0	4	16	20.0842686712789	1465.84268671279
"769"	47	36	"modern"	1	169	0	5	21	19.6148881926853	1901.14888192685
"770"	56	10	"modern"	0	39	1	4	18	24.556917966259	1525.56917966259
"771"	46	40	"modern"	0	286	0	4	30	13.2228071014823	1677.22807101482
"772"	45	18	"modern"	0	333	0	1	3	23.7156883054167	2972.15688305417
"773"	53	36	"classic"	1	153	1	7	4	24.1400751580474	2306.40075158047
"774"	47	26	"modern"	0	356	0	4	2	24.0049410120994	1805.04941012099
"775"	54	20	"modern"	0	224	0	3	15	20.4473586002164	1629.47358600216
"776"	58	0	"modern"	0	114	1	4	28	25.3842970450268	1273.84297045027
"777"	57	0	"modern"	0	53	0	4	7	21.7599126190716	1412.59912619072
"778"	52	54	"modern"	0	304	0	1	30	20.7810318494194	2032.81031849419
"779"	50	56	"modern"	1	309	0	1	6	22.4928520759432	3889.92852075943
"780"	53	36	"modern"	1	276	0	1	3	17.4709154194977	2029.70915419498
"781"	55	10	"modern"	0	345	0	6	2	18.6585223396853	1651.58522339685
"782"	53	50	"modern"	1	21	0	3	3	20.7654334558247	2432.65433455825
"783"	53	38	"modern"	0	17	0	1	30	27.956431717001	3304.56431717001
"784"	49	52	"modern"	1	327	0	1	10	21.411155096374	3739.11155096374
"785"	40	52	"modern"	0	313	0	2	3	19.8038678279705	2073.0386782797
"786"	50	32	"modern"	0	11	0	2	9	18.9648742690223	1804.64874269022
"787"	46	26	"modern"	0	287	0	2	6	22.2500858104551	1667.50085810455
"788"	55	30	"modern"	0	160	0	4	3	20.2356803144352	1997.35680314435
"789"	51	46	"modern"	0	29	0	1	1	21.3216486485429	3648.21648648543
"790"	53	60	"modern"	0	215	1	2	8	18.7944795516679	2447.94479551668
"791"	53	26	"modern"	0	284	0	6	14	21.8543220006567	1843.54322000657
"792"	45	38	"modern"	0	284	0	2	26	21.9276535215294	1684.27653521529
"793"	53	0	"modern"	1	181	0	4	17	22.9821399907887	1344.82139990789
"794"	53	44	"modern"	1	299	0	8	8	17.4881642196503	2379.8816421965
"795"	51	64	"modern"	0	225	0	6	30	22.7665423855927	2412.66542385593
"796"	46	50	"modern"	1	365	0	6	27	19.1342442736525	2126.34244273653
"797"	55	62	"modern"	0	316	1	4	6	21.9849258348214	2639.84925834821
"798"	43	60	"modern"	1	179	0	3	10	17.8336679740796	2333.3366797408
"799"	56	24	"modern"	0	334	0	1	12	22.8809825808233	1713.80982580823
"800"	54	18	"modern"	0	68	0	9	25	18.9262342708644	1654.26234270864
"801"	49	48	"modern"	0	359	1	2	26	23.5054319116962	1995.05431911696
"802"	57	26	"modern"	0	40	1	4	2	17.9924027334204	1959.9240273342
"803"	51	30	"modern"	0	249	1	6	27	20.5317613521669	1755.31761352167
"804"	47	36	"modern"	0	251	0	1	14	17.2425552222136	3197.42555222214
"805"	54	34	"modern"	0	325	1	6	11	19.7771805327666	2047.77180532767
"806"	51	38	"modern"	0	105	1	2	23	20.935529734356	1839.35529734356
"807"	42	36	"modern"	0	333	0	1	13	21.0290816574734	3145.29081657473
"808"	49	36	"modern"	0	82	0	10	12	17.0681946120932	2055.68194612093
"809"	43	44	"modern"	1	331	0	5	26	20.1914066359349	1936.91406635935
"810"	48	12	"modern"	0	243	0	2	4	18.8044033010133	1413.04403301013
"811"	48	0	"classic"	0	211	0	1	25	21.9057811349278	929.057811349278
"812"	55	52	"modern"	1	346	0	10	1	23.4646758922784	2769.64675892278
"813"	44	16	"modern"	1	243	0	4	4	14.6598467781365	1531.59846778137
"814"	50	42	"modern"	1	332	0	8	19	23.2512320534967	2227.51232053497
"815"	51	10	"classic"	0	76	0	4	10	23.3552550513328	1473.55255051333
"816"	48	50	"classic"	0	52	0	1	9	15.3360700751103	3523.3607007511
"817"	47	8	"modern"	0	250	0	1	10	19.5063140825427	1200.06314082543
"818"	53	50	"modern"	0	117	1	2	27	21.9252954950207	2089.25295495021
"819"	52	10	"modern"	0	344	0	7	10	25.5864887623955	1610.86488762395
"820"	51	42	"modern"	0	232	1	7	22	28.0846439254583	2150.84643925458
"821"	51	64	"modern"	0	48	0	2	15	23.9511978862414	2454.51197886241
"822"	57	30	"modern"	0	312	1	4	9	16.1010961462057	1951.01096146206
"823"	54	42	"modern"	0	217	0	3	5	21.3332744152858	2178.33274415286
"824"	49	56	"modern"	0	120	0	1	13	22.7443690435195	2202.4436904352
"825"	49	28	"modern"	1	32	1	2	16	18.3730350772001	1743.730350772
"826"	49	8	"modern"	0	98	1	5	6	20.7615683830303	1457.6156838303
"827"	55	52	"modern"	0	144	0	5	14	25.7785717689717	2412.78571768972
"828"	48	78	"modern"	0	113	0	1	15	24.1201920188364	2616.20192018836
"829"	46	30	"modern"	1	133	0	8	28	28.0831320863858	1865.83132086386
"830"	52	2	"modern"	0	306	0	6	2	22.1046140710292	1466.04614071029
"831"	54	62	"classic"	0	216	0	6	11	19.3094762402419	2583.09476240242
"832"	53	16	"modern"	0	360	0	1	22	18.1427949852454	2846.42794985245
"833"	54	48	"modern"	0	295	0	2	19	19.0230914539601	2105.2309145396
"834"	51	46	"modern"	0	213	0	1	20	20.5424673677898	1950.4246736779
"835"	43	40	"modern"	0	348	0	2	6	26.3757484841361	1928.75748484136
"836"	51	26	"modern"	0	237	0	9	8	17.4905222152956	1909.90522215296
"837"	54	0	"modern"	1	158	0	4	13	23.0188194781669	1405.18819478167
"838"	53	0	"modern"	0	234	0	2	13	20.1331411043926	1196.33141104393
"839"	47	8	"modern"	0	54	0	4	8	9.867698827822	1243.67698827822
"840"	53	34	"modern"	0	234	1	1	23	25.1787429677901	1781.7874296779
"841"	55	62	"modern"	1	58	0	9	14	26.5798068115541	2840.79806811554
"842"	58	24	"modern"	0	297	1	1	10	19.5042930229785	3255.04293022978
"843"	55	22	"modern"	0	230	1	2	11	24.4711540296864	1754.71154029686
"844"	50	62	"modern"	1	191	0	1	23	17.1599747908314	3786.59974790831
"845"	54	28	"modern"	0	274	0	2	11	21.684343924449	1811.84343924449
"846"	55	4	"modern"	0	327	1	6	1	20.4837960691621	1574.83796069162
"847"	54	46	"classic"	1	132	1	6	22	21.6565587743634	2291.56558774363
"848"	53	26	"modern"	0	311	1	2	7	22.174198330517	1811.74198330517
"849"	54	42	"classic"	0	304	0	9	13	15.6945384959432	2216.94538495943
"850"	44	40	"modern"	0	128	0	5	5	19.1757954026106	1976.75795402611
"851"	49	32	"modern"	0	327	1	5	13	21.6479191171536	1876.47919117154
"852"	58	56	"modern"	1	178	1	2	22	21.822686166487	2458.22686166487
"853"	53	20	"modern"	0	353	1	1	26	20.9115343419368	2929.11534341937
"854"	47	24	"modern"	0	364	0	6	14	20.9921053399457	1674.92105339946
"855"	49	32	"modern"	0	201	0	2	27	20.0848796119705	1615.8487961197
"856"	46	10	"modern"	0	344	0	1	8	17.0519729382983	1215.51972938298
"857"	57	58	"modern"	1	139	0	2	13	19.9995587885591	2534.99558788559
"858"	43	28	"modern"	1	11	1	5	12	20.6695423710553	1776.69542371055
"859"	57	28	"modern"	0	17	0	1	7	14.1278994945648	3276.27899494565
"860"	44	48	"modern"	0	246	0	5	28	23.9770081551661	1954.77008155166
"861"	56	34	"modern"	1	83	0	3	20	17.5873899008666	1970.87389900867
"862"	59	54	"modern"	0	81	1	2	25	12.7357493465934	2217.35749346593
"863"	52	36	"modern"	0	359	1	5	6	19.4075195846668	2064.07519584667
"864"	51	22	"modern"	1	1	1	3	14	13.957711144964	1669.57711144964
"865"	49	26	"modern"	0	6	0	5	26	22.6516556440229	1621.51655644023
"866"	56	72	"modern"	0	351	0	2	9	23.1539452827879	2766.53945282788
"867"	56	40	"modern"	0	223	0	2	19	25.3646284369663	2048.64628436966
"868"	50	54	"modern"	1	76	0	3	19	17.6548586583372	2261.54858658337
"869"	46	36	"classic"	0	309	0	7	26	18.7030039347237	1777.03003934724
"870"	55	34	"modern"	1	21	0	6	24	23.6851286923361	2061.85128692336
"871"	51	22	"modern"	1	47	1	1	24	18.9891896675065	1529.89189667507
"872"	50	10	"modern"	0	185	0	9	18	17.0827386564975	1465.82738656497
"873"	51	30	"modern"	1	64	0	9	23	20.0333563645835	1965.33356364584
"874"	48	32	"modern"	0	360	0	2	29	19.4835984786519	1569.83598478652
"875"	50	56	"modern"	0	336	1	5	14	22.9255857827703	2379.2558578277
"876"	62	48	"modern"	0	47	0	3	7	16.8091228082714	2393.09122808271
"877"	54	12	"modern"	1	259	0	1	13	18.7899571722413	2982.89957172241
"878"	48	26	"modern"	0	4	1	2	26	16.0630140158279	1460.63014015828
"879"	52	42	"modern"	1	341	0	2	12	18.9910836878433	2114.91083687843
"880"	45	56	"classic"	0	272	0	1	9	19.3782746627657	2123.78274662766
"881"	45	30	"modern"	0	61	1	2	7	23.2865514331228	1742.86551433123
"882"	46	46	"modern"	1	164	0	10	13	21.7996907033846	2332.99690703385
"883"	47	26	"modern"	0	183	0	3	27	19.6312442671467	1481.31244267147
"884"	49	66	"modern"	0	290	1	4	10	22.4477335181358	2564.47733518136
"885"	43	32	"modern"	0	175	0	6	18	14.9477703224164	1654.47770322416
"886"	51	66	"modern"	0	230	1	1	30	21.3825866354932	3773.82586635493
"887"	53	32	"modern"	0	171	0	1	3	15.7501809221654	1832.50180922165
"888"	55	44	"modern"	1	175	0	9	24	20.6822027986821	2321.82202798682
"889"	45	42	"modern"	0	195	0	1	11	14.7986751635388	1782.98675163539
"890"	50	40	"modern"	1	184	0	6	11	19.9845085329191	2174.84508532919
"891"	52	26	"modern"	0	343	0	1	23	18.9950207675223	1524.95020767522
"892"	51	18	"modern"	0	296	0	4	6	16.0647303926305	1605.64730392631
"893"	42	28	"modern"	0	297	0	5	18	15.1254278926449	1526.25427892645
"894"	59	44	"modern"	1	33	0	8	1	23.3119485448406	2628.11948544841
"895"	53	56	"modern"	0	160	0	1	25	17.0185522272887	3605.18552227289
"896"	50	46	"modern"	0	284	0	3	6	26.2442277723686	2217.44227772369
"897"	46	42	"modern"	0	70	1	2	27	18.5485432057413	1755.48543205741
"898"	52	16	"modern"	1	168	1	2	30	20.2927130608994	1442.92713060899
"899"	57	22	"modern"	1	202	0	4	13	22.966826399107	1904.66826399107
"900"	57	50	"modern"	1	65	0	8	17	18.7063655551428	2502.06365555143
"901"	51	0	"modern"	0	222	1	6	3	13.950000787687	1329.50000787687
"902"	48	42	"modern"	1	53	0	9	15	19.1055086927073	2216.05508692707
"903"	50	44	"modern"	1	218	0	1	4	24.6158357608319	3691.15835760832
"904"	45	52	"modern"	0	217	0	7	3	21.7151765987232	2342.15176598723
"905"	53	60	"modern"	0	35	0	5	12	17.3044931471891	2468.04493147189
"906"	51	60	"classic"	0	163	1	9	24	17.7995852578618	2442.99585257862
"907"	46	26	"classic"	0	62	0	7	2	19.8922991130608	1828.92299113061
"908"	59	8	"modern"	1	126	0	5	17	19.1982771650924	1616.98277165092
"909"	48	10	"modern"	0	357	1	7	13	18.7291120394508	1447.29112039451
"910"	46	52	"modern"	0	347	0	4	29	16.7713807957891	1962.71380795789
"911"	46	32	"modern"	1	59	0	5	13	18.5792604282614	1870.79260428261
"912"	48	28	"modern"	0	310	0	9	17	20.0786271362012	1825.78627136201
"913"	51	22	"modern"	1	292	0	5	12	18.5928703182911	1780.92870318291
"914"	49	12	"modern"	0	119	1	5	15	16.5707958805283	1405.70795880528
"915"	56	88	"modern"	0	77	1	1	19	21.4057623264363	2924.05762326436
"916"	45	32	"classic"	0	16	1	1	27	21.5543679622257	3000.54367962226
"917"	55	44	"modern"	0	145	0	3	3	22.0563332240002	2265.56333224
"918"	49	26	"modern"	0	31	0	5	16	18.5718392769471	1680.71839276947
"919"	48	0	"modern"	0	17	0	8	12	17.2143145294686	1257.14314529469
"920"	46	56	"modern"	0	230	0	5	25	13.4029800937177	2079.02980093718
"921"	50	42	"modern"	0	4	1	3	2	17.3913171599055	2103.91317159905
"922"	46	42	"modern"	0	201	1	4	8	21.6302404020044	2036.30240402004
"923"	46	32	"modern"	0	229	1	4	14	20.8200609609844	1768.20060960984
"924"	55	44	"modern"	0	224	0	1	30	19.2287211582737	1877.28721158274
"925"	57	44	"modern"	0	286	1	2	1	20.4300099952912	2294.30009995291
"926"	47	16	"modern"	0	56	1	6	22	22.5474311395505	1465.47431139551
"927"	49	20	"modern"	1	298	1	3	24	20.1129428434009	1551.12942843401
"928"	45	56	"modern"	0	38	0	5	25	23.2531513269196	2157.5315132692
"929"	49	32	"modern"	0	55	0	5	21	19.8114518621751	1763.11451862175
"930"	52	16	"modern"	0	303	1	4	9	17.6643984510236	1586.64398451024
"931"	51	50	"modern"	0	39	0	3	23	17.2920251655244	2057.92025165524
"932"	49	18	"modern"	0	218	1	9	25	20.7342977451378	1587.34297745138
"933"	47	26	"modern"	0	253	0	1	29	20.0678233061786	1375.67823306179
"934"	51	14	"modern"	0	177	0	6	10	14.4863215688601	1529.8632156886
"935"	42	30	"modern"	0	272	1	4	10	20.0479037833347	1680.47903783335
"936"	47	36	"modern"	0	126	0	2	8	20.1369333146172	1846.36933314617
"937"	53	42	"classic"	0	123	0	4	27	19.9364354902144	1949.36435490214
"938"	47	2	"modern"	0	214	0	6	24	23.6070137058385	1161.07013705838
"939"	40	32	"modern"	0	299	0	2	18	17.7337659678326	1502.33765967833
"940"	44	2	"modern"	0	9	0	1	27	18.0732773611626	835.732773611626
"941"	56	40	"modern"	0	165	0	3	29	23.0776807942747	1955.77680794275
"942"	57	64	"modern"	0	238	0	7	15	18.4201058789533	2669.20105878953
"943"	43	34	"modern"	0	116	0	6	29	20.0302157053351	1635.30215705335
"944"	52	30	"modern"	1	16	0	1	15	26.2866809758535	1857.86680975853
"945"	49	44	"modern"	1	103	1	1	24	20.1669517054811	3441.66951705481
"946"	48	52	"modern"	0	305	1	10	20	21.9418618126408	2339.41861812641
"947"	52	26	"modern"	0	231	0	8	11	15.0760636231492	1845.76063623149
"948"	52	18	"modern"	0	324	0	5	23	19.7457525267978	1522.45752526798
"949"	49	14	"modern"	1	155	0	4	1	21.8782589074601	1693.7825890746
"950"	47	20	"modern"	0	353	1	4	17	20.828320892316	1518.28320892316
"951"	49	42	"modern"	0	365	0	9	5	21.866856809319	2263.66856809319
"952"	48	16	"modern"	0	355	0	1	27	23.0744012006385	1245.74401200639
"953"	44	38	"modern"	0	102	0	5	8	16.7230217734039	1882.23021773404
"954"	55	24	"modern"	0	200	0	3	28	17.0632894480584	1565.63289448058
"955"	45	8	"modern"	0	52	1	3	25	19.0819772497096	1110.8197724971
"956"	47	42	"modern"	0	212	0	3	15	19.6119321526708	1921.11932152671
"957"	48	42	"modern"	1	74	0	1	7	20.1428816765161	2036.42881676516
"958"	45	76	"modern"	0	128	0	4	21	20.3118947162528	2538.11894716253
"959"	47	28	"modern"	1	341	0	4	23	18.7515346462955	1682.51534646295
"960"	55	48	"modern"	0	84	1	5	8	25.1889499670563	2401.88949967056
"961"	53	38	"modern"	0	185	0	5	12	20.9573415855066	2064.57341585507
"962"	56	14	"modern"	0	341	0	1	12	15.5098321171548	1440.09832117155
"963"	54	50	"modern"	0	288	1	1	19	16.5920936480625	2075.92093648062
"964"	46	28	"classic"	0	166	0	8	21	15.882288528519	1668.82288528519
"965"	53	36	"modern"	1	328	1	3	13	25.4380692987823	2114.38069298782
"966"	44	24	"modern"	1	341	0	9	5	25.0308780862925	1935.30878086292
"967"	55	48	"modern"	0	29	0	7	28	21.0219932627939	2205.21993262794
"968"	56	46	"modern"	0	137	1	1	25	18.4934101914705	3494.9341019147
"969"	50	32	"modern"	0	59	0	3	9	15.5613720406053	1800.61372040605
"970"	48	46	"modern"	0	272	1	6	30	22.221678018467	2002.21678018467
"971"	50	26	"modern"	0	104	0	2	17	19.9472827225396	1614.4728272254
"972"	52	30	"modern"	1	5	0	2	21	21.3747056177081	1808.74705617708
"973"	46	30	"classic"	0	104	0	4	14	21.2486324560231	1712.48632456023
"974"	55	16	"modern"	0	109	0	2	9	24.1015071196319	1636.01507119632
"975"	53	24	"modern"	1	281	1	1	17	18.0825080585221	1670.82508058522
"976"	54	46	"modern"	0	170	0	7	20	14.3681416527527	2158.68141652753
"977"	49	24	"modern"	0	111	0	5	8	16.3064027714459	1698.06402771446
"978"	50	26	"modern"	0	90	0	3	7	17.1716816717287	1716.71681671729
"979"	53	28	"modern"	0	263	1	4	8	20.5713660793398	1885.7136607934
"980"	51	0	"modern"	0	14	1	9	18	18.5925625726548	1315.92562572655
"981"	54	32	"modern"	0	33	0	1	3	20.4439974619119	3399.43997461912
"982"	52	28	"modern"	0	70	0	5	19	20.5309053953632	1770.30905395363
"983"	51	40	"modern"	1	262	1	1	15	15.9359693923325	1949.35969392332
"984"	49	60	"modern"	0	302	0	4	22	19.8119080072204	2283.1190800722
"985"	51	80	"modern"	0	214	1	10	6	17.69025485755	3056.9025485755
"986"	44	34	"modern"	0	350	1	2	22	24.4212332017287	1664.21233201729
"987"	46	72	"modern"	0	47	0	2	29	19.6978039580676	2331.97803958068
"988"	53	20	"modern"	0	224	0	5	13	24.0720418866811	1725.72041886681
"989"	42	16	"modern"	0	244	0	9	30	19.0158612054784	1325.15861205478
"990"	54	28	"modern"	0	56	0	2	21	19.4850613184046	1689.85061318405
"991"	50	74	"modern"	0	51	0	1	9	24.6521176431425	2641.52117643142
"992"	46	32	"modern"	0	61	0	5	28	24.1697449007664	1676.69744900766
"993"	53	32	"modern"	0	271	0	2	4	21.5692802542961	1940.69280254296
"994"	51	22	"modern"	0	309	1	1	4	20.1708809801605	3141.7088098016
"995"	46	38	"modern"	0	351	0	4	25	16.741842555601	1722.41842555601
"996"	47	26	"classic"	0	225	1	3	18	21.4625329666001	1599.625329666
"997"	46	34	"modern"	0	358	0	2	28	20.3894132784169	1588.89413278417
"998"	59	42	"modern"	0	182	0	3	20	19.8797182434195	2113.7971824342
"999"	45	34	"modern"	0	144	0	6	21	18.5933792878304	1740.9337928783
"1000"	41	6	"modern"	1	218	0	4	19	16.0516752744599	1135.5167527446
